0 0 0.00 0.00 10000000.00
0 1 149600000000.00 0.00 1000.00
0 2 149984400000.00 0.00 10000000.00
0 3 -493145429991.72 163364919677.08 -68688100003.03
0 4 67302822399.56 -286942349647.61 -99267468601.12
0 5 -68653789148.04 -68318217791.77 443449769142.76
0 6 437248550791.87 -369514070856.16 -236186076298.44
0 7 274626657261.81 -341538741179.53 244117429360.80
0 8 374055271909.60 26958606451.26 19102663509.13
0 9 497065458911.04 -79489063741.40 -63761090190.97
0 10 342446297333.78 -263449606841.17 -76937068522.41
0 11 453889977631.11 -361013695998.59 495083279905.41
0 12 -380726258680.56 414630038158.33 -363488473400.24
0 13 -318395099052.41 75449385016.90 488691498520.17
0 14 348153039276.67 304619086815.33 436591018893.10
0 15 -91794198188.83 -453469195381.49 -271338739791.58
0 16 -17035328092.54 462945248914.39 100610275101.20
0 17 -180836069249.01 -107264008655.80 -469745466937.19
0 18 464145697170.94 -56123560553.47 -213478779286.83
0 19 -210334994695.31 82766189511.29 473192255465.87
0 20 314814103215.38 -74401944677.53 -349421000969.33
0 21 -233881409621.74 -11688924632.82 -4415386591.30
0 22 349232443072.48 44785178054.49 265490544385.04
0 23 -262842857168.45 -224875995761.19 -371425052579.22
0 24 -12812812585.76 -196379282370.39 -215340459586.75
0 25 -382237922811.06 -313572186424.20 -202747760.43
0 26 55785956120.02 21221012119.77 -444785458475.72
0 27 -445332193256.04 372716851007.53 344073414729.94
0 28 -494268951934.89 -425584435893.96 -456659947967.46
0 29 -392744945312.27 263238132821.04 -105300409535.55
0 30 124404835339.82 389878708817.94 78060988605.98
0 31 -22894089353.69 -46019384426.07 303605728691.26
0 32 -25461679103.53 120327504640.60 142245764677.53
0 33 -427220649517.71 -486414590378.48 268107130549.90
0 34 226489488373.74 -442696436747.30 -486050663043.77
0 35 -141718007457.31 -274714144773.18 -383705695571.24
0 36 -494036063083.46 67579176075.56 -309239712920.62
0 37 382649749462.80 18591868932.63 433959231681.17
0 38 -190999179468.96 364873082314.09 40515042627.47
0 39 369358917637.43 -353525295319.75 417469747326.09
0 40 -448972969757.85 453664084874.87 -69809566982.93
0 41 209149941666.59 -46043228146.64 -1735147788.07
0 42 4725918874.48 -365709555272.81 182692295723.92
0 43 421340172608.08 277671717469.43 -264398320002.67
0 44 -204093018408.91 -313164521387.39 -418631187602.24
0 45 161742823972.25 -367490034954.38 441418204894.95
0 46 59015377684.97 371907140068.67 9921246445.70
0 47 -494638889094.18 -84179120410.32 226685083809.63
0 48 -382360981722.53 -384641809335.28 235740373253.70
0 49 -57306767235.19 -171331569399.37 -335595009306.26
0 50 -452354866989.12 45506251764.25 -61978722252.87
0 51 -76389024302.54 -359443934568.88 47869843220.28
0 52 249869541614.26 -263158309628.80 -426926256123.43
0 53 154393550778.92 125923302781.73 -458465429469.23
0 54 -84229870971.40 -188237243186.79 176851661725.37
0 55 -225317600055.28 -437184537266.00 240477579990.62
0 56 259748473185.93 62902349775.15 -17061166706.06
0 57 -348056078817.72 -135173306164.88 158181133055.21
0 58 445341729999.21 405655265276.16 -395052905145.59
0 59 -425312969333.17 396671695586.61 394602893802.62
0 60 -337141313979.93 423427896538.48 -325071731035.17
0 61 -213925714471.34 -286120321036.37 309351746835.44
0 62 69456369415.60 -332751416989.02 -352220065822.93
0 63 -209678130089.16 -465474214388.74 200437078578.60
0 64 390684639518.47 -269879555222.52 262041137908.60
0 65 139878586698.27 94836509132.22 -91624342180.61
0 66 -112577438639.75 185260284079.83 108326758541.32
0 67 425412714912.28 -491166278250.13 -152413012763.68
0 68 474556989490.31 143064037264.82 -204878183409.98
0 69 -473267177107.40 494132361837.72 394935438826.18
0 70 -102314941399.88 21038500369.08 456535361221.31
0 71 -441192349391.61 -179031187984.64 -286336420004.41
0 72 -126837958407.98 109274632581.17 280698435744.60
0 73 -374476849043.03 -367016793166.76 -368254387224.21
0 74 216084438709.58 -170007852683.78 -88568334741.78
0 75 -442670568331.46 432829145776.49 140863667540.65
0 76 83600491557.08 -84222185697.51 -199687601392.94
0 77 -222608884201.67 -343168913779.39 17442222925.57
0 78 -83070138740.85 175868887303.34 -125962375489.05
0 79 356891682304.86 -346563683751.30 -354339085917.15
0 80 -159936580648.62 141051829159.75 -369284355020.75
0 81 -418117910119.76 12038877472.30 -315091993107.97
0 82 458684257212.41 -148461934481.03 -182642286029.94
0 83 -466732013489.46 -23135371284.16 255412215718.73
0 84 216566406524.07 187597711425.09 334738979970.45
0 85 -114520815952.92 -103517331929.65 360720179910.18
0 86 77391509235.55 247978416619.81 88821952971.08
0 87 -373076565970.24 97575005887.81 -79681697105.84
0 88 204740579102.53 -423196352516.86 354731872610.16
0 89 -406949100506.93 154925476598.98 -41769453111.00
0 90 459929690211.98 -135421086864.28 272525837539.01
0 91 -287926189037.01 -232472543014.43 485086849883.70
0 92 439542097011.37 81135670459.43 49539755354.42
0 93 -77659322683.54 -406257520386.14 43526471845.59
0 94 300076100882.18 -179292254931.90 439813017351.47
0 95 297843987493.70 -426313355530.76 -129276045425.46
0 96 -293683435671.82 261215956770.45 348103708516.85
0 97 -499709055293.22 301915091370.19 355730997796.98
0 98 144325526731.24 -98985512554.17 431944858716.78
0 99 -92991109747.90 84096730027.39 1734406920.96
0 100 498997476417.10 -271730834977.58 63685718254.97
0 101 -168163251442.91 309432890177.44 -358685962324.35
0 102 7005551600.37 -103697495816.13 192782514119.89
0 103 19039224143.62 -3514751560.76 300140123255.62
0 104 238365352963.27 -325667109259.25 -154328332587.30
0 105 -107912822443.95 -178853188026.16 -206150430117.80
0 106 241927683233.25 -67791356969.53 310810934664.13
0 107 125828139309.69 -371679178844.99 495997018644.58
0 108 205388047595.22 -401988329320.21 -298183530475.10
0 109 174946617649.38 -43154477860.38 -376206902729.44
0 110 408572036730.39 352806275641.92 347009339764.25
0 111 -386473934578.93 -338586277253.27 -200302732968.84
0 112 414540613496.00 -408168573355.38 455137045567.45
0 113 -37812340789.39 204441651564.30 -255201710739.73
0 114 439279508283.03 286234054614.90 495125791987.00
0 115 424055247997.89 -44594286.03 -102215782088.33
0 116 451103672362.45 493175770618.57 161157085868.14
0 117 -225149704946.74 273247646062.28 49255006271.07
0 118 138976471330.49 -337355317472.18 -421659698207.70
0 119 87919066468.22 415601225530.54 424458786810.03
0 120 -423074241226.11 -480275510801.13 -173508854430.87
0 121 -402092543385.03 103942362407.20 -120753338849.52
0 122 354879306096.06 222554963418.54 483967937055.96
0 123 334078382623.42 -364225667838.11 -1780721126.95
0 124 -33067811994.38 244921069939.12 -16472609954.17
0 125 277545818489.76 297666766586.56 -34438906952.01
0 126 278799137463.23 273309422085.67 -141993267294.95
0 127 -118935969480.75 -95717091856.39 -300354024768.04
0 128 91432797997.93 -379456681143.24 71111623463.74
0 129 130109947468.21 364657548658.86 -325889690232.41
0 130 -436066556226.49 -15520842520.30 31320067835.66
0 131 253652964138.26 -268698530163.94 103945243453.58
0 132 -324358381714.84 1456472324.89 486999268171.84
0 133 -12535820022.47 112749904679.48 -72337665861.63
0 134 -360268232347.57 -258555952812.80 308338934000.74
0 135 483711783766.61 -271014197622.90 22808816061.73
0 136 -404128349807.17 430345277735.19 -278058851965.73
0 137 -446198459223.94 267051306910.37 364027086116.39
0 138 357208664462.53 393462064626.38 -315930259328.30
0 139 360829316014.81 -167932323956.83 -252996564262.08
0 140 -478659249366.57 396566311314.97 -46012412545.28
0 141 -241286661821.09 384869151229.44 -72686646400.34
0 142 -468278331201.65 83029859505.14 12620447442.22
0 143 111398035013.77 189098862320.70 -413523592014.58
0 144 82220016784.14 -396707904011.34 398674295702.33
0 145 326769995888.12 -471409382285.28 -390501162917.59
0 146 65380226618.32 328152630398.12 -248221187269.42
0 147 387674413569.12 -38910552178.93 -128097007343.59
0 148 -328645151960.03 291859245296.50 -211931751906.84
0 149 395009748123.12 39404426486.89 -422091199514.50
0 150 -18545186854.22 224219828715.65 -294738709365.36
0 151 463554948085.71 -278560636927.63 -370030837538.67
0 152 332717121035.19 460251556690.90 -178398392013.46
0 153 147262142341.24 296412399875.19 -385217533859.06
0 154 403811871029.35 -119901095805.64 -428685288843.09
0 155 156691191092.46 233616105622.43 -423961342276.99
0 156 137584279588.23 207879976233.41 321777309208.07
0 157 -79757666485.27 253048773274.31 -267979797333.47
0 158 385277999045.92 39493935433.91 373827999398.96
0 159 -476088427927.39 -278281287652.57 106458276792.64
0 160 410390287130.32 388504755165.66 272324402244.91
0 161 -235483737073.60 237480628181.94 -7350664356.42
0 162 -460009426325.56 -428527792882.42 -137960562779.55
0 163 30558982179.76 -318989853756.03 388714995649.04
0 164 -141936322973.08 -322329793973.98 35922220226.34
0 165 162559692125.10 402348333458.58 334704496355.12
0 166 -369641637834.55 -447976630156.85 -135902376675.93
0 167 234461719512.22 462004496698.27 309975950890.21
0 168 45743501533.63 -306135782416.04 -445435426172.54
0 169 -62290615198.34 398733416059.40 488689672196.61
0 170 -59089289307.17 -349252000380.89 139179583470.89
0 171 -173733053577.01 229414266873.81 337235517724.06
0 172 334433406048.66 -154097586243.46 -354759376894.10
0 173 411301054950.48 290291990987.16 -43754772536.34
0 174 -9892843901.13 -231670932719.33 -23375451342.84
0 175 121848436362.04 -380918661542.66 -256095052117.53
0 176 39914368437.56 228351933289.48 -165406584583.88
0 177 114020977920.86 179639235921.04 -461491233651.29
0 178 -341043366976.57 439688893472.63 -176388011163.28
0 179 127095027187.42 416040669156.26 -417631405367.34
0 180 383617612944.74 -92585991878.34 -294097106342.25
0 181 -289979712008.49 -479669652869.77 52404435608.72
0 182 -330099190506.20 -414332803764.54 -276304229524.13
0 183 -266625950004.27 -152455703659.20 58002887087.88
0 184 -201293027355.01 466645024701.32 -193528614329.89
0 185 9824973302.81 -447129412063.92 -96263679487.75
0 186 273170518583.23 47053958544.07 393249825524.75
0 187 158077244021.97 164253355313.21 -250149997766.20
0 188 -224617382848.92 -51775628957.79 361332911467.80
0 189 288928427635.19 180178576465.78 -137729259039.15
0 190 306250099933.82 222147818059.73 62485188973.36
0 191 401922930917.67 72680610033.07 294420716722.69
0 192 -251268382999.71 352123608278.17 -296628160773.14
0 193 215217374132.58 -267490953098.75 354617998867.58
0 194 145736787768.89 482895801767.19 321497863541.12
0 195 474245395499.40 339718066546.93 53899451882.53
0 196 149332641460.62 -107409112903.95 387619968451.38
0 197 45062473763.28 -344303442558.41 20382316094.07
0 198 -199106772290.13 91889054324.43 67324850041.10
0 199 -220171525478.44 272805765631.05 -69975591995.74
0 200 -475077492173.33 -167755971973.65 66410695466.40
0 201 469549410030.97 45022471130.37 494497899894.83
0 202 -411075367085.21 389880530484.90 39317379025.42
0 203 -443445560030.38 -4535057816.90 235064778819.24
0 204 380794539526.47 -350986953755.37 220698979553.16
0 205 -293908011072.27 241140338471.69 -347708396077.02
0 206 486881837708.35 161669719341.06 -34854987885.27
0 207 -466680166761.71 -388895380258.98 302072207816.91
0 208 374840269738.27 202226173459.66 -483286027788.78
0 209 -167503706024.73 -475477373681.72 -258675947673.00
0 210 -448174226539.29 40405160067.79 -95517036782.35
0 211 253625128303.48 374090366472.53 80138413040.03
0 212 91764548137.67 419347607493.10 -196923577085.57
0 213 -27187000274.28 -442796653575.63 383591482827.25
0 214 347388937532.62 18531191404.22 -441872741999.98
0 215 -238988770050.46 -167761803449.95 -447563596976.72
0 216 -308476451229.53 -485214563079.74 178400554078.82
0 217 55706824434.78 -198732628346.76 -27867459472.21
0 218 -59803308714.09 -19360441956.37 -322273306000.17
0 219 -441892900011.45 198464173217.52 -375277338957.08
0 220 -262969067209.85 309733881060.84 -364663993411.08
0 221 258652361928.79 295213537660.99 -38264507212.80
0 222 -45048372142.51 -210407943795.63 -323291873011.41
0 223 269402363230.20 90288772988.27 -130465712691.87
0 224 -180544684026.64 171416012882.91 -19617519583.38
0 225 -194330789006.47 -70544952326.71 -303116691672.76
0 226 -178850505351.48 92486834429.43 221559768412.99
0 227 152310504416.15 -247297283610.00 353983389145.69
0 228 -368255564881.61 217774624339.20 -104149877375.06
0 229 370340530700.21 -8048910418.55 492726730179.38
0 230 -353925277410.97 348228839621.05 119012072970.63
0 231 -177205436247.03 -261160264146.12 414574780461.65
0 232 -165466058377.86 492075845129.82 146040264817.90
0 233 -400958893774.52 418122990018.75 425164127687.53
0 234 -168519783610.72 -392499104557.79 -114277307230.18
0 235 -103554591817.57 -154693393807.25 -311895504971.92
0 236 -424311205709.50 371237444631.40 -408837025942.67
0 237 73163758764.59 279093625852.42 293979240485.46
0 238 -392709305925.63 137034225108.58 286977880069.51
0 239 200264855148.39 -322564662351.54 361105006123.48
0 240 -393111714577.82 -348111223824.37 10295273973.74
0 241 386439510568.25 -161338513559.35 -30699071721.50
0 242 314971727232.90 482423536471.29 273394634841.66
0 243 -136007118335.00 233073086819.18 -222640818321.44
0 244 -66749632156.80 -312326311512.07 476918234944.77
0 245 -137311314529.42 -411328243516.07 -184484450930.96
0 246 45088355217.64 -451903354819.82 340539597831.92
0 247 149977943231.34 -325693253346.58 143355835528.74
0 248 317888257940.25 -440820795456.33 -260803438611.70
0 249 86415358160.82 203328304320.26 13993012492.54
0 250 -280666696271.24 114325038443.47 406963703644.91
0 251 192941865740.78 -138562466315.26 -93195755776.57
0 252 -56875886189.23 470875096959.47 -64880805353.11
0 253 -223092805465.26 390430551902.59 -196571723416.71
0 254 -114241083438.62 146929850637.41 -489341164934.14
0 255 423676572704.54 165125839721.94 -6004380763.51
0 256 62307653744.85 450959943212.08 -183571120576.73
0 257 451889341209.03 -74136170360.32 278595136375.44
0 258 410053236833.80 399444702034.56 404545684300.62
0 259 307629440821.53 332827058077.24 -229581748475.13
0 260 24516270740.20 165213734221.28 -192537302473.81
0 261 38008716673.59 -124560349446.05 -141300169584.02
0 262 -382402139195.43 -280681620715.50 310813681600.06
0 263 165137633059.70 130563884801.49 -275632376678.12
0 264 461343839746.59 -240800253926.22 51997537981.72
0 265 40587157262.76 -16648188008.30 164939725615.52
0 266 160094942273.62 -339065478108.39 -212811475951.60
0 267 -984017970.50 313361570617.82 -371192849646.88
0 268 407316397366.73 347960649453.09 340993774980.77
0 269 -468426125109.39 -247548452460.93 427204381174.97
0 270 94594821610.76 115783661890.67 -280749163488.27
0 271 -343028915041.61 104441565742.92 337726466747.80
0 272 361728591314.39 -180291609224.07 -42938629883.78
0 273 -225170565175.44 191046457593.82 492225571997.57
0 274 179301364663.66 11574058566.04 29321247958.26
0 275 404075903773.34 -244988555435.55 60968515724.39
0 276 -222743854263.21 -134771400892.53 37174737331.07
0 277 352606030112.41 -207708748387.04 45734949664.09
0 278 426835714339.67 -42609526562.79 -187596883013.66
0 279 -403677748471.35 90296448948.93 -91380786426.08
0 280 204760903355.09 -131717288695.14 278479199287.70
0 281 -81551699704.28 -190109956865.25 -470968489521.63
0 282 85519003954.49 -387273018661.55 332328569531.59
0 283 39081986778.92 486456050996.88 498525060712.60
0 284 -77939607472.13 -123267996880.82 197247537643.30
0 285 -21473975163.64 291380673084.12 -270159870279.10
0 286 203452010966.58 333638100807.39 66518449488.34
0 287 16482536455.84 43578704606.55 419817529115.74
0 288 -393212745847.75 -174513137282.11 -173228845313.76
0 289 -52766419273.23 -254571205.12 264507286140.93
0 290 -107603182833.46 -246780943938.89 490762585304.10
0 291 -466777761916.99 456128052881.05 -313854424661.89
0 292 -470258488305.96 -475694307114.79 -203761941149.72
0 293 -447988578094.16 147027905866.05 -178954645841.83
0 294 -62100564391.40 -420099943839.06 -252261462040.37
0 295 -80023730909.46 295782157590.51 -189035076037.53
0 296 -248383032972.17 103073603754.43 108172579951.66
0 297 477171852708.41 27419852338.46 -416736342439.77
0 298 -178778907600.22 -10138347982.49 453432884976.94
0 299 402880820866.15 -60327454265.36 15561862157.45
0 300 487364913796.71 -176362715045.16 278958878842.63
0 301 54090185348.92 -208457903335.08 438227605045.88
0 302 493409707673.55 -74199726141.15 -411126411478.56
0 303 -14576365945.20 -256522104030.72 163168108865.23
0 304 418605145029.07 -494743243788.72 -12782859389.10
0 305 -244395070124.60 153307477316.50 165292298265.40
0 306 263811522984.79 125011164986.07 401402465021.89
0 307 466473365186.93 -467417473423.95 -354396642583.61
0 308 459210864249.25 487501437304.31 51362997177.69
0 309 -178347764852.62 -195243843689.21 428738005891.79
0 310 402913207608.70 -302449793462.85 227909433063.08
0 311 373372810833.80 119587950696.98 -4202009879.15
0 312 428230899818.35 -49827186181.13 -368055372903.15
0 313 -69567555361.23 221887762063.13 49043839587.38
0 314 484707552001.21 -428187850829.30 216294124590.37
0 315 -408076272768.94 -426484545658.57 478291449592.58
0 316 -154726117688.57 -384509213680.64 -403114112980.25
0 317 -496662148738.59 412138138856.80 426204318611.98
0 318 160669819293.86 453030003212.87 15196819563.95
0 319 -205795491908.58 175694501342.11 -412656381219.93
0 320 -57686638812.39 39724507154.77 -343432513924.05
0 321 -279121106387.64 -17716112322.04 -277961429105.12
0 322 -471552073476.63 123491047240.56 343842015994.64
0 323 101363202371.34 90529779712.92 367493246620.28
0 324 -484565763727.09 -479528067158.32 133120718706.92
0 325 -284588266995.08 -456858422121.43 -193573133877.28
0 326 419847492091.29 176708326524.45 -181505587269.32
0 327 376720423752.78 21375263818.25 471908281078.52
0 328 -121870675879.47 294238392167.84 155347280975.13
0 329 -125093235459.69 -421843795535.08 -403354001186.49
0 330 146723248365.67 431538302419.49 187116496584.90
0 331 408446002243.29 -332052662890.43 -347720677893.48
0 332 301227644458.98 463589129952.52 136901386378.75
0 333 72537846198.56 80716667035.93 -75768313173.10
0 334 280170653844.33 423950550576.65 64372232446.62
0 335 -36264518525.57 -242900362584.23 8330799875.93
0 336 -385630424081.18 284797725167.50 -79402040494.33
0 337 6214376309.06 -150251986761.69 167874717464.61
0 338 89337551309.42 112984089466.27 63959941064.92
0 339 -107576507892.26 -120179097922.60 289866748168.07
0 340 -438032485981.49 458807670026.46 -114311634383.31
0 341 -8007751083.01 363785671006.79 -313111501193.19
0 342 -356001636412.00 446869620097.27 -396844319951.18
0 343 -403211651790.52 295447794159.62 399246226483.60
0 344 312189235730.18 487310522230.02 73711270733.60
0 345 189723586053.46 265685961472.66 -357571849998.82
0 346 343005316258.88 -315920135386.25 -243118693001.16
0 347 190803193343.25 -472847392304.26 323183714329.82
0 348 497869098092.37 -88457085931.89 122174196234.99
0 349 -155028372842.37 -344714897146.78 234708922325.96
0 350 50442695874.00 -293546279330.53 -103666492553.27
0 351 21483069528.58 -486748198972.43 -399208714207.27
0 352 363004810578.66 146404940004.65 -223318814171.16
0 353 -43198710094.76 -405259151433.25 -144852676263.48
0 354 -329002984719.82 466993318389.63 -447120822475.81
0 355 63980624342.33 -397572501049.18 -4660585664.52
0 356 -343916291298.31 20105699785.10 -202372239764.02
0 357 -275541507068.81 -26835671871.36 50894668116.65
0 358 317931128115.36 495898237915.66 -180499170292.40
0 359 -363661406032.58 321592692202.70 325255576905.45
0 360 -460300509333.75 416725690903.48 -416467132007.92
0 361 103342029547.01 455469574292.87 -405165854797.31
0 362 496539078651.25 51770805172.52 492093005213.93
0 363 10560597996.49 183973841687.65 13766203314.89
0 364 -70413275887.45 159616770995.60 -366998678011.35
0 365 -486826148343.66 97694818208.78 379941132795.04
0 366 481798294457.51 120504091317.07 453376709461.85
0 367 219943939112.10 -242936451334.01 96205928174.87
0 368 -53396076221.67 -51006089221.22 -275377860653.86
0 369 184953143207.80 74157651781.18 -489453723649.24
0 370 225016862491.62 365262687143.53 258959279749.06
0 371 158041674484.52 157805702489.71 -22039891929.38
0 372 355906641509.34 -315861833196.07 -14106120222.30
0 373 241742759357.09 -431860519541.36 24178074916.91
0 374 314149602695.44 -74788239586.53 -60534227900.46
0 375 276241225551.93 410761040128.19 431134150331.44
0 376 -16564006692.06 -16739706283.78 -79241336593.05
0 377 -199469462362.80 117168562308.50 320554411886.52
0 378 -172394824993.05 379456838071.09 93792095125.56
0 379 95143045575.89 -268317081391.96 426902863162.99
0 380 211010701354.13 -232868729500.50 117935683400.34
0 381 -82209975729.79 445346889991.94 -324357472278.34
0 382 -252176505398.09 -159070574054.06 -270436942936.12
0 383 25054862035.93 356613019880.19 -101895311196.29
0 384 -269260103241.20 -316955435935.85 -202750651493.09
0 385 -299432601686.30 453879379180.20 169986621323.04
0 386 -38258279458.74 341826088652.87 -402728157072.67
0 387 -96858222315.49 -349809947819.36 -497822668868.03
0 388 -404900989916.60 225289571902.38 39976725606.24
0 389 -141490029469.83 252411106486.06 -96213202735.51
0 390 105516753441.43 419402567166.56 14112775919.08
0 391 443984169486.90 438219519303.28 -438182427053.42
0 392 -404787356920.91 -35723075520.12 -176282865775.88
0 393 -402099367651.20 200919933943.51 283740064959.85
0 394 -340378475301.14 -238699720119.45 -307077236383.72
0 395 441931502400.87 -181579841618.23 109220440783.17
0 396 -154950751762.35 235032917808.29 8364205485.38
0 397 -111123661329.56 195775199074.19 -353275895516.05
0 398 350026172981.61 -382008968797.52 458675546086.71
0 399 59994158130.14 358633848772.68 107182727943.73
0 400 -66306316091.82 387441181990.99 120882950546.63
0 401 321783942087.45 461328495275.85 349578368407.48
0 402 -446201173563.58 426766641869.57 140624824744.01
0 403 -75951015844.92 250898679602.38 188258673384.91
0 404 286586535063.85 11844569589.87 373810134303.67
0 405 -478240149551.18 123940239950.99 -281972025419.57
0 406 -257627571354.45 -436091185051.99 251641323674.30
0 407 -464566870576.03 491566518783.37 -386531048401.51
0 408 -148002273704.86 -402830974153.63 429494058214.82
0 409 -491700653914.22 -202002723562.53 -142112369016.80
0 410 7206251149.63 143521948551.54 427807062365.02
0 411 198106220782.78 -428285466473.68 -254253810622.85
0 412 305746250695.43 -339057234040.95 136546719650.06
0 413 367125387241.66 -130655030547.95 155192717749.25
0 414 89279762743.64 88995954296.08 279086919864.21
0 415 439948666812.83 -113657632662.76 391814628565.60
0 416 21337953173.25 -3224041081.60 64615700656.83
0 417 415830517148.52 267203197706.12 281156417811.83
0 418 303890413047.69 -50570516637.79 63864568045.30
0 419 -229056659494.09 -450154530792.57 -164279117558.28
0 420 394244737408.24 -134903671981.26 -279458869611.59
0 421 19591012280.24 486319251352.14 -272504926087.57
0 422 390070615750.77 -54999373645.99 376758070605.23
0 423 432855547374.51 283574126094.38 76787392877.41
0 424 -230392568619.17 -359956214604.88 -236362212214.79
0 425 -132987599649.00 -230664250315.48 -177898247110.61
0 426 -490822550836.40 58248318060.42 40402374481.97
0 427 397679053664.99 357783083272.07 180340296439.98
0 428 -25223196263.06 -330364036294.80 -50975617277.89
0 429 314819862979.85 -303158911319.06 -12328737653.95
0 430 221831839402.13 -140630158428.40 -109539382909.21
0 431 420867103580.79 -151976563805.70 -276533554669.72
0 432 347163728367.15 -339065569378.00 183414245808.22
0 433 140250143893.18 345100799037.66 474561170663.01
0 434 8118726084.06 -227994552221.15 205337945234.65
0 435 48993448982.48 -473338447033.12 91217206135.03
0 436 80491509093.20 218490393235.58 437487467163.00
0 437 -290004781349.56 253340341035.90 315920536320.62
0 438 140383026860.83 -247285860938.62 442217638689.19
0 439 -343905123343.65 243354145317.97 -160587829379.64
0 440 -355299312553.97 245313028220.70 -36644412920.18
0 441 -156771755151.81 -478255233717.27 402443202632.69
0 442 -126473753539.13 8845445005.62 208784194993.22
0 443 -213720829092.77 -201442583790.72 40863343300.70
0 444 311927259346.44 310904890676.45 -177588749061.15
0 445 -479978660577.90 -313390108204.16 334667576865.60
0 446 483439765397.20 -44525482479.73 -180058126188.84
0 447 225879546592.89 179727901555.47 33286310515.03
0 448 -479803121639.32 454425167736.80 101995138266.12
0 449 -178452023620.93 210173227223.65 -29427772168.73
0 450 -394862222901.95 -457649416736.16 121291948306.04
0 451 -37854936690.00 469959890455.92 316418838601.75
0 452 127973108844.82 -76145197533.14 154716092001.05
0 453 -356389972314.42 -318882381459.18 -230953791053.48
0 454 288073965249.62 -455141759456.67 11546220402.95
0 455 85033925522.60 -425928010105.12 -72667161269.42
0 456 193719671430.87 93456825983.46 -64613074792.83
0 457 -104408402277.35 -153185753455.94 -49843108537.53
0 458 -80777289150.64 -41178463278.89 311086950270.03
0 459 90888601537.28 -44528661083.68 -417702297641.76
0 460 73575209162.00 253382218421.15 -41694886303.36
0 461 -135849328076.40 483795055646.35 58850427418.41
0 462 358541166809.64 228210418824.20 -196696475006.96
0 463 190711732344.10 -62976354063.94 85568971273.29
0 464 -77961686336.42 -322502785279.65 180624375902.41
0 465 -222281523385.22 -467378472428.48 351896063821.34
0 466 -152974115523.03 -80246190810.69 200555313239.13
0 467 -165003817372.49 -381750686504.76 468391482237.91
0 468 -52232056181.99 -278172872857.27 264831109328.58
0 469 -169796224995.42 84384974364.37 -371671816274.37
0 470 133423085153.77 -109029261678.94 151402818342.39
0 471 458688775523.89 -144183030651.97 169346949862.94
0 472 -470660758191.10 -308301115319.27 126701121510.33
0 473 312850354152.20 336987716069.90 -287666776118.64
0 474 -461620808095.49 -179114345311.71 -499232219997.44
0 475 22580940519.73 -495871270539.18 338267268072.01
0 476 334011982117.79 -354647351361.18 -405652454078.97
0 477 250577545608.66 -387419102195.38 187371853127.78
0 478 -129058696156.86 -259633515849.54 -42541591703.21
0 479 -226891468151.89 -389603213355.69 233374019960.58
0 480 -25528785086.02 -420744495429.45 -448086139256.17
0 481 61659687460.24 367310074096.22 12292830046.40
0 482 429459585775.37 -400630240282.34 82147159884.75
0 483 400988383638.20 -2168243519.11 290844158172.07
0 484 222754059230.33 -404140534766.08 -253254425131.37
0 485 -100276876054.83 -55079157722.69 177542891203.21
0 486 -207878111725.62 -110499596041.86 -350714824558.57
0 487 328606408475.25 271037903507.72 -268296251896.91
0 488 377098202648.15 46766083942.15 373478094056.94
0 489 317740519911.86 -81116895461.98 -197213994198.11
0 490 -323965136811.12 -329835382676.61 -47533502125.90
0 491 -451464814577.00 -166815990892.62 -288279412215.71
0 492 -126908427861.94 -34027757837.45 10428091283.16
0 493 155363875280.77 4129854265.66 147119571290.50
0 494 286816905619.03 430234473631.83 369414492449.45
0 495 160064112236.75 423632664104.75 -379253255147.14
0 496 -138961415104.08 275891668990.20 -307522724292.95
0 497 -245397763673.87 -413188447669.70 334361967553.55
0 498 13954364933.98 -68612884994.88 -426361455547.79
0 499 -37979321339.16 -235065973240.45 194631559166.42
1000 0 5.31 0.32 10000000.14
1000 1 149599993377.41 44638665.34 1001.73
1000 2 149984390348.75 46164567.41 9999921.62
1000 3 -493145420630.72 163364922257.85 -68688088337.11
1000 4 67302818885.55 -286942338258.97 -99267457576.02
1000 5 -68653779937.33 -68318207383.63 443449770723.89
1000 6 437248535506.52 -369514080251.31 -236186083049.68
1000 7 274626663706.01 -341538741903.06 244117414891.53
1000 8 374055268302.22 26958592962.52 19102654260.57
1000 9 497065448609.30 -79489059150.09 -63761100542.67
1000 10 342446301368.38 -263449605908.94 -76937081137.07
1000 11 453889985554.70 -361013683730.22 495083269014.46
1000 12 -380726270733.82 414630050710.62 -363488464526.07
1000 13 -318395101247.12 75449385134.50 488691496669.44
1000 14 348153050203.06 304619098342.40 436591028761.72
1000 15 -91794188064.97 -453469184208.93 -271338732073.23
1000 16 -17035321450.47 462945259154.77 100610262081.49
1000 17 -180836071507.34 -107264013495.96 -469745465051.44
1000 18 464145686915.71 -56123563479.61 -213478780125.27
1000 19 -210334986495.76 82766174612.06 473192255975.27
1000 20 314814094702.59 -74401930685.25 -349421002699.01
1000 21 -233881415447.11 -11688914157.28 -4415376349.94
1000 22 349232435112.73 44785171305.05 265490530572.23
1000 23 -262842848175.75 -224875984931.28 -371425064572.35
1000 24 -12812822620.08 -196379266373.77 -215340464940.52
1000 25 -382237928460.09 -313572181004.58 -202750756.85
1000 26 55785969123.15 21220999012.93 -444785449363.73
1000 27 -445332190910.16 372716837634.76 344073406535.51
1000 28 -494268958549.91 -425584430193.57 -456659937866.07
1000 29 -392744957617.17 263238130631.35 -105300402815.33
1000 30 124404846364.76 389878711253.61 78060980041.18
1000 31 -22894079827.79 -46019389050.29 303605735777.86
1000 32 -25461691116.19 120327513778.94 142245766130.83
1000 33 -427220642261.69 -486414596005.68 268107140341.75
1000 34 226489476082.43 -442696444558.83 -486050662797.69
1000 35 -141718012947.50 -274714153378.25 -383705697760.39
1000 36 -494036054750.31 67579179372.65 -309239715296.76
1000 37 382649757886.01 18591854311.59 433959219337.15
1000 38 -190999185107.14 364873075832.53 40515055643.77
1000 39 369358921132.36 -353525290771.77 417469753218.43
1000 40 -448972957748.94 453664095178.41 -69809564199.21
1000 41 209149947176.20 -46043227141.92 -1735140118.80
1000 42 4725913759.61 -365709548430.09 182692296124.62
1000 43 421340180456.98 277671720469.63 -264398305834.16
1000 44 -204093014827.33 -313164517703.69 -418631183384.40
1000 45 161742830483.87 -367490029209.36 441418214122.98
1000 46 59015391151.51 371907124639.49 9921236058.77
1000 47 -494638893484.48 -84179106921.82 226685081095.91
1000 48 -382360984262.84 -384641798229.94 235740359346.40
1000 49 -57306763479.16 -171331573870.36 -335594995359.13
1000 50 -452354861695.27 45506241434.16 -61978726706.66
1000 51 -76389017560.14 -359443918824.83 47869830202.38
1000 52 249869532250.83 -263158310386.65 -426926255447.90
1000 53 154393547263.32 125923308025.38 -458465437213.78
1000 54 -84229870166.11 -188237228697.73 176851667785.57
1000 55 -225317612911.40 -437184545220.83 240477589917.62
1000 56 259748476939.90 62902341003.37 -17061163892.69
1000 57 -348056071865.23 -135173318147.25 158181122007.76
1000 58 445341715595.16 405655256361.89 -395052912440.10
1000 59 -425312962391.69 396671706851.12 394602897430.01
1000 60 -337141299743.13 423427887539.73 -325071738270.18
1000 61 -213925708321.38 -286120324273.01 309351732923.55
1000 62 69456369089.42 -332751427979.87 -352220055485.40
1000 63 -209678137192.53 -465474202272.72 200437063854.91
1000 64 390684624737.82 -269879546064.57 262041133439.93
1000 65 139878576571.29 94836520624.70 -91624349244.08
1000 66 -112577444051.13 185260274795.37 108326766096.82
1000 67 425412712581.45 -491166286659.69 -152413013053.51
1000 68 474556978942.58 143064050819.72 -204878180721.35
1000 69 -473267176097.27 494132348651.96 394935425970.76
1000 70 -102314929863.27 21038495063.28 456535369484.67
1000 71 -441192340946.23 -179031179856.40 -286336431247.82
1000 72 -126837952527.91 109274641537.47 280698441137.84
1000 73 -374476860655.40 -367016806303.46 -368254382824.09
1000 74 216084441280.64 -170007865562.85 -88568322855.73
1000 75 -442670568887.57 432829153691.40 140863665548.87
1000 76 83600489664.49 -84222181847.63 -199687607856.88
1000 77 -222608898218.18 -343168919030.41 17442217005.63
1000 78 -83070147632.92 175868881448.82 -125962380571.57
1000 79 356891679853.21 -346563687183.73 -354339087820.43
1000 80 -159936573438.99 141051833112.75 -369284357345.48
1000 81 -418117902269.33 12038878895.93 -315092001184.72
1000 82 458684265752.55 -148461921222.38 -182642272248.23
1000 83 -466732005778.33 -23135360357.62 255412200868.78
1000 84 216566394379.97 187597712867.87 334738966663.38
1000 85 -114520816435.29 -103517322127.22 360720190715.20
1000 86 77391514415.33 247978400605.88 88821939251.92
1000 87 -373076570740.32 97575004961.72 -79681709603.45
1000 88 204740572361.13 -423196362798.69 354731883042.67
1000 89 -406949094710.18 154925483389.53 -41769457607.39
1000 90 459929685957.77 -135421097529.46 272525831587.93
1000 91 -287926196892.43 -232472528311.78 485086853216.37
1000 92 439542097064.65 81135674238.39 49539756540.00
1000 93 -77659309923.16 -406257504764.15 43526481854.88
1000 94 300076085431.02 -179292255224.85 439813006288.46
1000 95 297843987109.36 -426313352599.33 -129276047220.12
1000 96 -293683435503.13 261215958152.25 348103696623.70
1000 97 -499709054342.08 301915103561.37 355730994702.46
1000 98 144325515367.09 -98985513460.82 431944869879.49
1000 99 -92991117097.68 84096714677.02 1734401396.08
1000 100 498997480618.68 -271730830977.45 63685711955.42
1000 101 -168163236770.29 309432901783.20 -358685958447.80
1000 102 7005538916.47 -103697509027.46 192782498942.90
1000 103 19039236373.71 -3514754519.14 300140107375.78
1000 104 238365339643.94 -325667103407.51 -154328329767.76
1000 105 -107912807233.33 -178853174676.82 -206150422889.74
1000 106 241927674759.58 -67791350508.11 310810932609.70
1000 107 125828137815.80 -371679189966.31 495997015689.33
1000 108 205388056923.87 -401988328245.18 -298183540626.25
1000 109 174946628618.85 -43154490270.04 -376206886345.92
1000 110 408572036843.42 352806270846.78 347009335887.29
1000 111 -386473937910.47 -338586261210.85 -200302740441.66
1000 112 414540606730.08 -408168565254.65 455137045454.58
1000 113 -37812353059.34 204441660044.28 -255201697216.03
1000 114 439279511279.43 286234047637.31 495125779415.04
1000 115 424055239876.60 -44581099.09 -102215784266.99
1000 116 451103678161.94 493175779148.89 161157095763.45
1000 117 -225149695383.25 273247652519.45 49255001154.06
1000 118 138976464469.38 -337355305090.07 -421659705769.55
1000 119 87919061160.21 415601219166.26 424458797342.15
1000 120 -423074233333.65 -480275509925.99 -173508864987.23
1000 121 -402092530513.12 103942373262.80 -120753331211.06
1000 122 354879290648.37 222554972248.60 483967938848.87
1000 123 334078369809.09 -364225656596.43 -1780731162.37
1000 124 -33067819609.31 244921057643.97 -16472600950.89
1000 125 277545831208.89 297666755840.21 -34438916091.54
1000 126 278799135403.15 273309414652.94 -141993280189.18
1000 127 -118935981589.14 -95717092308.57 -300354034263.22
1000 128 91432790368.87 -379456691017.01 71111636160.68
1000 129 130109945221.53 364657536549.08 -325889691277.14
1000 130 -436066564112.49 -15520833773.37 31320077014.71
1000 131 253652969093.08 -268698535037.29 103945228069.18
1000 132 -324358370524.66 1456484306.61 486999252809.10
1000 133 -12535817005.36 112749897479.72 -72337659485.46
1000 134 -360268228652.27 -258555964681.00 308338940041.68
1000 135 483711786775.49 -271014182715.22 22808811297.27
1000 136 -404128347905.14 430345290734.32 -278058847173.65
1000 137 -446198460059.19 267051304477.40 364027078848.23
1000 138 357208659362.64 393462058339.61 -315930273115.43
1000 139 360829300002.56 -167932312988.25 -252996575079.32
1000 140 -478659245498.34 396566312096.75 -46012411475.88
1000 141 -241286647294.43 384869153346.20 -72686656816.68
1000 142 -468278321811.55 83029846387.95 12620460294.40
1000 143 111398036638.24 189098876006.25 -413523589012.84
1000 144 82220013087.34 -396707890238.47 398674282669.28
1000 145 326769989318.07 -471409378623.60 -390501176705.55
1000 146 65380234740.71 328152624847.59 -248221184595.61
1000 147 387674415036.29 -38910546165.68 -128097011582.74
1000 148 -328645151115.41 291859239601.79 -211931742521.05
1000 149 395009760839.95 39404421809.97 -422091207011.04
1000 150 -18545189592.06 224219815715.03 -294738700446.77
1000 151 463554951555.14 -278560642034.58 -370030844302.33
1000 152 332717117524.68 460251546794.62 -178398399347.54
1000 153 147262128748.15 296412404292.62 -385217524632.07
1000 154 403811869813.00 -119901084521.39 -428685295764.97
1000 155 156691181186.84 233616089348.87 -423961350483.15
1000 156 137584288870.09 207879981306.95 321777304636.08
1000 157 -79757657499.15 253048769318.91 -267979801836.07
1000 158 385278010466.30 39493948097.56 373827999499.27
1000 159 -476088424772.58 -278281286247.04 106458262169.17
1000 160 410390273653.19 388504747312.01 272324402755.18
1000 161 -235483736994.08 237480621344.63 -7350651860.10
1000 162 -460009420435.25 -428527806429.02 -137960568010.88
1000 163 30558974324.62 -318989860662.75 388714993526.15
1000 164 -141936322467.39 -322329799748.49 35922231972.87
1000 165 162559684348.30 402348321079.49 334704479548.70
1000 166 -369641628183.25 -447976623472.25 -135902381647.32
1000 167 234461707019.95 462004480731.65 309975961766.19
1000 168 45743506672.43 -306135780848.40 -445435418578.42
1000 169 -62290629514.15 398733423198.30 488689672125.89
1000 170 -59089275200.18 -349252013474.71 139179589760.43
1000 171 -173733065568.82 229414264139.93 337235508177.07
1000 172 334433402460.18 -154097598097.74 -354759360580.60
1000 173 411301038908.64 290292003057.61 -43754784220.31
1000 174 -9892852173.58 -231670922794.64 -23375454213.82
1000 175 121848433025.97 -380918669920.86 -256095063091.53
1000 176 39914371370.31 228351944574.87 -165406574803.73
1000 177 114020973397.63 179639223306.95 -461491228703.74
1000 178 -341043369486.90 439688901683.60 -176388013665.89
1000 179 127095014081.61 416040672852.10 -417631404111.02
1000 180 383617597448.11 -92585985951.96 -294097092867.09
1000 181 -289979704109.44 -479669660503.19 52404426205.08
1000 182 -330099177132.42 -414332788988.71 -276304233908.92
1000 183 -266625951594.75 -152455716705.15 58002884273.62
1000 184 -201293031478.48 466645015360.67 -193528600365.36
1000 185 9824977318.64 -447129423856.12 -96263688328.30
1000 186 273170511108.00 47053963362.67 393249832710.89
1000 187 158077239209.70 164253348653.39 -250150000484.00
1000 188 -224617396082.81 -51775637452.61 361332922535.60
1000 189 288928417202.67 180178574329.61 -137729267348.37
1000 190 306250098760.83 222147803694.79 62485187143.31
1000 191 401922915659.72 72680596935.43 294420706264.71
1000 192 -251268374397.43 352123617033.38 -296628144997.14
1000 193 215217368203.77 -267490945541.12 354617986298.23
1000 194 145736779517.27 482895791204.46 321497865941.66
1000 195 474245401178.91 339718051996.35 53899446397.68
1000 196 149332642245.50 -107409101109.04 387619954697.85
1000 197 45062475842.51 -344303426929.46 20382307408.12
1000 198 -199106773125.08 91889049892.52 67324837071.45
1000 199 -220171527036.67 272805765647.83 -69975576703.19
1000 200 -475077487884.75 -167755966784.00 66410683775.06
1000 201 469549394327.90 45022464261.02 494497889964.67
1000 202 -411075367773.37 389880529179.57 39317370142.12
1000 203 -443445570678.06 -4535049093.60 235064781501.92
1000 204 380794544807.77 -350986952442.14 220698983090.36
1000 205 -293908019487.52 241140344835.95 -347708400095.00
1000 206 486881842891.92 161669724419.55 -34854986007.08
1000 207 -466680160628.11 -388895391881.16 302072206201.72
1000 208 374840282867.99 202226173381.49 -483286032912.05
1000 209 -167503700704.27 -475477371941.17 -258675933662.63
1000 210 -448174216024.20 40405159644.56 -95517042932.51
1000 211 253625117929.91 374090368613.39 80138406498.57
1000 212 91764535140.72 419347610649.86 -196923584918.42
1000 213 -27186994308.66 -442796638123.52 383591476329.33
1000 214 347388933836.01 18531183818.53 -441872742022.08
1000 215 -238988762803.86 -167761815203.20 -447563598247.75
1000 216 -308476438124.99 -485214570529.28 178400562038.22
1000 217 55706816773.34 -198732639151.09 -27867455715.13
1000 218 -59803317949.30 -19360450034.78 -322273302534.35
1000 219 -441892884055.97 198464163004.91 -375277323410.96
1000 220 -262969059618.78 309733887149.61 -364663982713.79
1000 221 258652347333.47 295213547461.24 -38264502530.47
1000 222 -45048360373.97 -210407928337.55 -323291859076.27
1000 223 269402351609.28 90288761616.82 -130465709318.92
1000 224 -180544679448.68 171416015437.56 -19617507107.56
1000 225 -194330784085.84 -70544949952.50 -303116689092.50
1000 226 -178850508007.57 92486847337.46 221559753362.54
1000 227 152310501845.16 -247297292131.27 353983396136.28
1000 228 -368255565542.19 217774627923.89 -104149864123.77
1000 229 370340520593.32 -8048923424.34 492726721701.30
1000 230 -353925265140.38 348228837579.70 119012066026.71
1000 231 -177205421937.82 -261160250805.03 414574777838.18
1000 232 -165466044095.75 492075838575.02 146040267131.10
1000 233 -400958905843.52 418123000847.82 425164112575.41
1000 234 -168519794716.76 -392499091664.18 -114277317175.31
1000 235 -103554594468.73 -154693390296.44 -311895508274.50
1000 236 -424311217021.82 371237454436.66 -408837024858.66
1000 237 73163766694.63 279093621663.19 293979227690.68
1000 238 -392709294809.73 137034238544.10 286977871336.38
1000 239 200264855101.29 -322564648954.50 361105018560.70
1000 240 -393111713197.39 -348111209535.67 10295281702.27
1000 241 386439509607.08 -161338501368.68 -30699078190.67
1000 242 314971721499.87 482423521767.77 273394620560.66
1000 243 -136007126527.16 233073092987.60 -222640805081.57
1000 244 -66749627943.91 -312326319024.16 476918223995.34
1000 245 -137311310241.31 -411328234700.40 -184484442762.25
1000 246 45088360691.92 -451903338971.03 340539599911.08
1000 247 149977945002.22 -325693243415.43 143355826393.71
1000 248 317888255442.08 -440820786011.15 -260803424058.51
1000 249 86415343937.08 203328313362.73 13993007954.63
1000 250 -280666707534.29 114325042755.32 406963703254.45
1000 251 192941859431.45 -138562466673.17 -93195746609.55
1000 252 -56875901018.59 470875098824.41 -64880811319.99
1000 253 -223092810295.92 390430540876.68 -196571730262.65
1000 254 -114241090517.27 146929834885.92 -489341147495.68
1000 255 423676558170.99 165125825560.22 -6004369355.78
1000 256 62307643248.44 450959938027.21 -183571105277.61
1000 257 451889326442.88 -74136183265.49 278595140299.26
1000 258 410053244908.11 399444688407.94 404545689092.14
1000 259 307629439470.36 332827056403.23 -229581748704.84
1000 260 24516278842.33 165213730495.82 -192537290163.02
1000 261 38008710931.50 -124560343831.04 -141300167363.28
1000 262 -382402140465.23 -280681608249.33 310813685919.19
1000 263 165137640720.47 130563879521.59 -275632363315.80
1000 264 461343828016.81 -240800262607.99 51997522820.88
1000 265 40587163989.42 -16648199196.90 164939729508.48
1000 266 160094953216.44 -339065478792.74 -212811470213.28
1000 267 -984032503.01 313361563058.45 -371192855872.49
1000 268 407316389050.70 347960662628.10 340993761358.72
1000 269 -468426129772.77 -247548454455.21 427204392699.06
1000 270 94594821034.86 115783675502.25 -280749169125.40
1000 271 -343028914334.42 104441550797.03 337726471448.66
1000 272 361728595099.09 -180291605273.47 -42938622349.45
1000 273 -225170564408.67 191046462234.09 492225582854.41
1000 274 179301372211.85 11574046438.22 29321248722.65
1000 275 404075889020.75 -244988557005.66 60968523647.67
1000 276 -222743858252.15 -134771385945.15 37174749009.46
1000 277 352606039992.29 -207708754989.48 45734937779.92
1000 278 426835707702.00 -42609528386.57 -187596881117.86
1000 279 -403677757076.43 90296445298.10 -91380771981.30
1000 280 204760910240.00 -131717281323.92 278479192548.92
1000 281 -81551693023.23 -190109958012.47 -470968475335.12
1000 282 85519015091.00 -387273014509.79 332328571729.42
1000 283 39081973339.69 486456058854.20 498525054901.72
1000 284 -77939612976.09 -123267993086.81 197247548686.18
1000 285 -21473975810.47 291380657618.04 -270159881886.11
1000 286 203452014337.21 333638104901.70 66518441676.66
1000 287 16482536990.59 43578714773.71 419817526403.36
1000 288 -393212748716.97 -174513131964.71 -173228837602.66
1000 289 -52766431356.36 -254564907.52 264507269531.78
1000 290 -107603168646.96 -246780939232.61 490762583997.68
1000 291 -466777773553.03 456128050157.12 -313854433961.75
1000 292 -470258488272.76 -475694291783.12 -203761940765.89
1000 293 -447988578115.20 147027910085.43 -178954645192.76
1000 294 -62100575326.12 -420099950890.06 -252261467109.50
1000 295 -80023717959.13 295782152852.36 -189035079623.56
1000 296 -248383024984.21 103073614480.32 108172572183.38
1000 297 477171836646.42 27419853441.01 -416736327338.87
1000 298 -178778903992.27 -10138340313.82 453432889802.46
1000 299 402880822084.71 -60327450252.26 15561870630.20
1000 300 487364908658.54 -176362717416.79 278958874020.46
1000 301 54090190905.08 -208457888714.49 438227609016.46
1000 302 493409705588.35 -74199738931.88 -411126416259.06
1000 303 -14576370884.56 -256522116000.88 163168105490.62
1000 304 418605141404.40 -494743230772.14 -12782867139.10
1000 305 -244395080278.23 153307462436.09 165292300220.61
1000 306 263811508704.38 125011169775.49 401402453700.91
1000 307 466473351456.83 -467417480970.21 -354396641978.97
1000 308 459210866638.02 487501448899.82 51362984138.79
1000 309 -178347760305.90 -195243829434.79 428738012479.81
1000 310 402913198731.02 -302449792609.28 227909418219.29
1000 311 373372813177.46 119587940362.74 -4202009108.95
1000 312 428230894116.14 -49827186385.43 -368055363600.01
1000 313 -69567546943.46 221887771434.78 49043839042.13
1000 314 484707545387.11 -428187856512.23 216294120233.05
1000 315 -408076267439.77 -426484555426.94 478291451313.19
1000 316 -154726124913.35 -384509207104.45 -403114098076.06
1000 317 -496662160213.96 412138131165.42 426204309844.56
1000 318 160669826354.54 453030004243.08 15196807085.70
1000 319 -205795495742.44 175694505251.45 -412656389934.63
1000 320 -57686634515.64 39724511075.64 -343432500454.97
1000 321 -279121091092.81 -17716119578.37 -277961415764.26
1000 322 -471552072986.29 123491050765.93 343842003755.84
1000 323 101363188832.23 90529777615.25 367493252887.70
1000 324 -484565765429.20 -479528066776.34 133120719400.29
1000 325 -284588252596.31 -456858405700.51 -193573135199.15
1000 326 419847491626.46 176708317834.42 -181505598047.51
1000 327 376720432413.33 21375256239.01 471908272118.85
1000 328 -121870673562.66 294238390194.60 155347281731.35
1000 329 -125093231935.52 -421843808144.83 -403353986601.30
1000 330 146723262834.88 431538299693.21 187116501362.03
1000 331 408445994642.53 -332052674592.61 -347720684744.48
1000 332 301227651390.52 463589114218.20 136901375824.81
1000 333 72537827753.42 80716664391.79 -75768306500.17
1000 334 280170647931.61 423950551047.46 64372236812.92
1000 335 -36264525800.97 -242900370930.00 8330789902.03
1000 336 -385630429371.46 284797729221.69 -79402039538.71
1000 337 6214377579.50 -150251987049.79 167874729661.29
1000 338 89337536970.58 112984093851.05 63959930085.56
1000 339 -107576492776.12 -120179105481.38 289866754340.11
1000 340 -438032496953.90 458807657253.71 -114311634300.42
1000 341 -8007765446.47 363785669125.74 -313111510987.07
1000 342 -356001637712.44 446869616660.79 -396844320843.31
1000 343 -403211661200.48 295447786855.74 399246216576.76
1000 344 312189238068.22 487310526774.43 73711259911.58
1000 345 189723597992.25 265685951183.25 -357571846360.30
1000 346 343005308452.75 -315920137036.67 -243118685209.82
1000 347 190803200958.55 -472847388730.43 323183710466.67
1000 348 497869083535.71 -88457095708.49 122174185867.15
1000 349 -155028387001.67 -344714895978.38 234708924377.68
1000 350 50442706036.64 -293546278334.84 -103666486770.91
1000 351 21483066005.50 -486748211164.14 -399208727312.01
1000 352 363004800402.81 146404934731.19 -223318823331.20
1000 353 -43198720724.04 -405259158629.44 -144852688016.67
1000 354 -329002971660.00 466993314147.31 -447120822175.94
1000 355 63980621653.08 -397572513467.19 -4660581147.59
1000 356 -343916292386.46 20105695944.98 -202372243312.72
1000 357 -275541511924.69 -26835674509.24 50894676577.07
1000 358 317931114310.68 495898231520.24 -180499158212.14
1000 359 -363661409045.99 321592683267.71 325255575446.46
1000 360 -460300520484.60 416725685065.30 -416467143702.66
1000 361 103342027058.23 455469571817.91 -405165858057.19
1000 362 496539069716.48 51770806985.84 492092998538.93
1000 363 10560588308.04 183973831796.08 13766207185.69
1000 364 -70413279769.63 159616756949.35 -366998686568.47
1000 365 -486826135620.88 97694815903.12 379941141743.00
1000 366 481798294536.31 120504094408.35 453376715618.21
1000 367 219943941061.11 -242936463447.30 96205935395.84
1000 368 -53396077331.24 -51006094258.78 -275377851714.34
1000 369 184953142835.63 74157661671.05 -489453713336.32
1000 370 225016874377.26 365262671356.89 258959275957.57
1000 371 158041675996.36 157805708795.89 -22039884295.17
1000 372 355906639175.34 -315861819883.17 -14106115387.83
1000 373 241742754568.50 -431860505143.94 24178060022.42
1000 374 314149609941.77 -74788235210.08 -60534219448.22
1000 375 276241213438.80 410761051114.99 431134138326.43
1000 376 -16563993628.89 -16739704865.16 -79241314190.71
1000 377 -199469474435.64 117168549005.36 320554421876.45
1000 378 -172394829427.32 379456826578.52 93792098662.51
1000 379 95143037154.12 -268317083809.14 426902853440.17
1000 380 211010699090.26 -232868740697.37 117935679020.98
1000 381 -82209981297.21 445346892780.18 -324357480038.64
1000 382 -252176510537.75 -159070573775.83 -270436937802.81
1000 383 25054853050.35 356613015260.51 -101895325288.67
1000 384 -269260116065.86 -316955443522.26 -202750652230.76
1000 385 -299432607278.99 453879378031.98 169986630839.79
1000 386 -38258279826.63 341826083296.19 -402728169180.71
1000 387 -96858221045.10 -349809948727.62 -497822668010.69
1000 388 -404900985118.59 225289571833.51 39976726087.03
1000 389 -141490026781.27 252411098885.92 -96213215359.06
1000 390 105516748856.03 419402563970.66 14112771521.48
1000 391 443984167839.43 438219519615.15 -438182439652.77
1000 392 -404787346090.14 -35723067754.93 -176282874161.54
1000 393 -402099364355.48 200919946982.29 283740058624.14
1000 394 -340378466950.34 -238699732208.73 -307077240537.17
1000 395 441931488991.05 -181579839658.18 109220449646.49
1000 396 -154950762878.96 235032903731.32 8364200878.21
1000 397 -111123648140.48 195775199927.80 -353275880894.73
1000 398 350026167989.52 -382008969562.64 458675543347.91
1000 399 59994164995.22 358633859394.86 107182722110.65
1000 400 -66306313858.12 387441187820.66 120882957969.46
1000 401 321783942144.11 461328484412.13 349578362533.97
1000 402 -446201185925.23 426766650856.00 140624830991.39
1000 403 -75951006777.90 250898682920.20 188258683251.90
1000 404 286586544435.80 11844557718.15 373810134584.15
1000 405 -478240147225.57 123940229907.88 -281972021800.94
1000 406 -257627566032.92 -436091176300.80 251641328273.38
1000 407 -464566865949.20 491566513656.16 -386531038078.66
1000 408 -148002283002.34 -402830966997.76 429494044059.38
1000 409 -491700661162.69 -202002716333.68 -142112361360.43
1000 410 7206259668.29 143521962620.79 427807060525.67
1000 411 198106228472.91 -428285475221.30 -254253817835.33
1000 412 305746236365.35 -339057240297.03 136546721221.08
1000 413 367125385755.13 -130655020877.22 155192707229.91
1000 414 89279767212.10 88995967456.99 279086911868.00
1000 415 439948655397.86 -113657631591.56 391814612854.30
1000 416 21337954802.94 -3224053496.63 64615656248.17
1000 417 415830500287.76 267203204645.94 281156406252.18
1000 418 303890413431.67 -50570501317.28 63864569080.91
1000 419 -229056652730.35 -450154536195.18 -164279103390.11
1000 420 394244724423.17 -134903679565.68 -279458874222.46
1000 421 19590999143.02 486319254237.72 -272504919286.74
1000 422 390070622584.91 -54999383231.53 376758070019.70
1000 423 432855556354.73 283574132112.15 76787407232.06
1000 424 -230392575221.37 -359956208737.39 -236362210110.45
1000 425 -132987593944.34 -230664243274.70 -177898230808.86
1000 426 -490822547536.76 58248311025.11 40402364492.73
1000 427 397679047789.00 357783084187.73 180340296590.88
1000 428 -25223185272.88 -330364019142.22 -50975608332.48
1000 429 314819848518.66 -303158904690.20 -12328736410.91
1000 430 221831835482.21 -140630142820.84 -109539388682.46
1000 431 420867099042.22 -151976557624.82 -276533538132.10
1000 432 347163715351.40 -339065564654.87 183414257818.40
1000 433 140250157857.14 345100800177.53 474561182363.51
1000 434 8118722704.69 -227994548369.65 205337934873.72
1000 435 48993441811.42 -473338447588.46 91217193757.75
1000 436 80491498107.02 218490382060.22 437487462193.28
1000 437 -290004793835.59 253340349564.96 315920541252.22
1000 438 140383023748.71 -247285854469.73 442217624874.95
1000 439 -343905129865.88 243354147522.78 -160587818666.75
1000 440 -355299298812.83 245313021626.74 -36644412336.18
1000 441 -156771748482.81 -478255218180.76 402443213423.92
1000 442 -126473746848.12 8845452857.23 208784206492.03
1000 443 -213720836686.78 -201442567699.63 40863338637.55
1000 444 311927254430.46 310904887411.14 -177588758155.59
1000 445 -479978652814.48 -313390119082.98 334667582584.47
1000 446 483439758081.82 -44525474699.84 -180058115736.11
1000 447 225879535754.48 179727902665.82 33286320299.84
1000 448 -479803108513.20 454425179112.85 101995123575.30
1000 449 -178452018125.93 210173221885.65 -29427773554.65
1000 450 -394862232781.46 -457649420382.29 121291939001.57
1000 451 -37854925415.15 469959889356.14 316418835255.80
1000 452 127973099126.47 -76145204027.26 154716099858.14
1000 453 -356389983970.75 -318882377006.74 -230953789973.16
1000 454 288073950114.09 -455141753253.26 11546234422.86
1000 455 85033926125.00 -425928002321.86 -72667155021.16
1000 456 193719681467.43 93456815460.28 -64613065698.32
1000 457 -104408403970.09 -153185758168.14 -49843107935.90
1000 458 -80777300279.01 -41178465165.25 311086941247.77
1000 459 90888608538.89 -44528669907.00 -417702303113.45
1000 460 73575220749.70 253382225693.22 -41694894790.55
1000 461 -135849327136.24 483795047656.89 58850422366.40
1000 462 358541178504.13 228210412915.23 -196696478180.42
1000 463 190711731408.21 -62976340421.69 85568979184.95
1000 464 -77961676912.87 -322502774503.23 180624360816.60
1000 465 -222281522572.72 -467378464277.69 351896073325.26
1000 466 -152974115908.39 -80246180678.57 200555323799.71
1000 467 -165003812724.64 -381750700098.84 468391467794.00
1000 468 -52232053665.63 -278172872330.54 264831118460.66
1000 469 -169796225196.30 84384985107.05 -371671808453.46
1000 470 133423088001.27 -109029259130.63 151402821114.69
1000 471 458688764030.61 -144183016190.12 169346941674.64
1000 472 -470660758991.83 -308301106688.11 126701115374.82
1000 473 312850337711.43 336987723319.03 -287666789188.66
1000 474 -461620821141.93 -179114335409.94 -499232219460.71
1000 475 22580932035.55 -495871268190.56 338267256334.92
1000 476 334011971203.66 -354647356557.67 -405652464340.74
1000 477 250577530018.15 -387419105753.19 187371858668.55
1000 478 -129058698971.60 -259633499135.61 -42541599290.62
1000 479 -226891462103.40 -389603214736.68 233374020911.82
1000 480 -25528796975.32 -420744488266.72 -448086125694.42
1000 481 61659694739.17 367310062851.90 12292821276.43
1000 482 429459598466.09 -400630249200.11 82147160880.60
1000 483 400988379355.75 -2168251005.97 290844167196.91
1000 484 222754050370.73 -404140527039.46 -253254430469.06
1000 485 -100276879560.06 -55079143813.44 177542889291.37
1000 486 -207878097265.75 -110499598151.70 -350714811181.71
1000 487 328606403771.29 271037916140.38 -268296256156.61
1000 488 377098203712.91 46766077520.66 373478101285.36
1000 489 317740505930.58 -81116902371.40 -197213996891.25
1000 490 -323965125657.95 -329835384393.25 -47533505131.31
1000 491 -451464822927.47 -166815997240.48 -288279409256.18
1000 492 -126908427238.42 -34027748728.50 10428083861.70
1000 493 155363880559.75 4129844462.55 147119567998.61
1000 494 286816893829.16 430234457894.23 369414500600.34
1000 495 160064097156.14 423632648028.25 -379253244507.97
1000 496 -138961413553.71 275891681932.07 -307522710896.82
1000 497 -245397755835.13 -413188459762.45 334361970557.44
1000 498 13954377620.23 -68612892682.82 -426361442730.83
1000 499 -37979322146.66 -235065973226.58 194631568258.72
